('<4s2B4HL2L2H', 'PK\x03\x04', 20, 0, 0, 8, 20695, 18051, 3120146906, 7221, 13330, 14, 0) 'screenshot.png' ''
('<4s2B4HL2L2H', 'PK\x03\x04', 20, 0, 0, 8, 20695, 18051, 0, 2, 0, 10, 0) 'extra_info' ''
('<4s2B4HL2L2H', 'PK\x03\x04', 20, 0, 0, 8, 20696, 18051, 226717478, 20, 18, 4, 0) 'json' ''
('<4s2B4HL2L2H', 'PK\x03\x04', 20, 0, 0, 8, 20696, 18051, 3627608187, 19, 17, 13, 0) 'renpy_version' ''
('<4s2B4HL2L2H', 'PK\x03\x04', 20, 0, 0, 8, 20696, 18051, 1821760216, 36830, 198310, 3, 0) 'log' ''
('<4s2B4HL2L2H', 'PK\x03\x04', 20, 0, 0, 8, 20971, 18051, 955400324, 7950, 13330, 14, 0) 'screenshot.png' ''
('<4s2B4HL2L2H', 'PK\x03\x04', 20, 0, 0, 8, 20971, 18051, 0, 2, 0, 10, 0) 'extra_info' ''
('<4s2B4HL2L2H', 'PK\x03\x04', 20, 0, 0, 8, 20971, 18051, 226717478, 20, 18, 4, 0) 'json' ''
('<4s2B4HL2L2H', 'PK\x03\x04', 20, 0, 0, 8, 20971, 18051, 3627608187, 19, 17, 13, 0) 'renpy_version' ''
('<4s2B4HL2L2H', 'PK\x03\x04', 20, 0, 0, 8, 20971, 18051, 971192759, 43286, 192053, 3, 0) 'log' ''
('<4s2B4HL2L2H', 'PK\x03\x04', 20, 0, 0, 8, 21350, 18051, 2934131345, 7272, 13330, 14, 0) 'screenshot.png' ''
('<4s2B4HL2L2H', 'PK\x03\x04', 20, 0, 0, 8, 21350, 18051, 0, 2, 0, 10, 0) 'extra_info' ''
('<4s2B4HL2L2H', 'PK\x03\x04', 20, 0, 0, 8, 21350, 18051, 226717478, 20, 18, 4, 0) 'json' ''
('<4s2B4HL2L2H', 'PK\x03\x04', 20, 0, 0, 8, 21350, 18051, 3627608187, 19, 17, 13, 0) 'renpy_version' ''
('<4s2B4HL2L2H', 'PK\x03\x04', 20, 0, 0, 8, 21350, 18051, 1275827804, 52829, 221755, 3, 0) 'log' ''
('<4s2B4HL2L2H', 'PK\x03\x04', 20, 0, 0, 8, 21408, 18051, 94339307, 7272, 13330, 14, 0) 'screenshot.png' ''
('<4s2B4HL2L2H', 'PK\x03\x04', 20, 0, 0, 8, 21408, 18051, 0, 2, 0, 10, 0) 'extra_info' ''
('<4s2B4HL2L2H', 'PK\x03\x04', 20, 0, 0, 8, 21408, 18051, 226717478, 20, 18, 4, 0) 'json' ''
('<4s2B4HL2L2H', 'PK\x03\x04', 20, 0, 0, 8, 21408, 18051, 3627608187, 19, 17, 13, 0) 'renpy_version' ''
('<4s2B4HL2L2H', 'PK\x03\x04', 20, 0, 0, 8, 21408, 18051, 897837559, 38609, 177499, 3, 0) 'log' ''
('<4s2B4HL2L2H', 'PK\x03\x04', 20, 0, 0, 8, 21448, 18051, 3222350533, 7293, 13330, 14, 0) 'screenshot.png' ''
('<4s2B4HL2L2H', 'PK\x03\x04', 20, 0, 0, 8, 21448, 18051, 0, 2, 0, 10, 0) 'extra_info' ''
('<4s2B4HL2L2H', 'PK\x03\x04', 20, 0, 0, 8, 21448, 18051, 226717478, 20, 18, 4, 0) 'json' ''
('<4s2B4HL2L2H', 'PK\x03\x04', 20, 0, 0, 8, 21448, 18051, 3627608187, 19, 17, 13, 0) 'renpy_version' ''
('<4s2B4HL2L2H', 'PK\x03\x04', 20, 0, 0, 8, 21448, 18051, 1284258228, 38201, 178280, 3, 0) 'log' ''
('<4s2B4HL2L2H', 'PK\x03\x04', 20, 0, 0, 8, 21463, 18051, 3418067178, 7281, 13330, 14, 0) 'screenshot.png' ''
('<4s2B4HL2L2H', 'PK\x03\x04', 20, 0, 0, 8, 21463, 18051, 0, 2, 0, 10, 0) 'extra_info' ''
('<4s2B4HL2L2H', 'PK\x03\x04', 20, 0, 0, 8, 21463, 18051, 226717478, 20, 18, 4, 0) 'json' ''
('<4s2B4HL2L2H', 'PK\x03\x04', 20, 0, 0, 8, 21463, 18051, 3627608187, 19, 17, 13, 0) 'renpy_version' ''
('<4s2B4HL2L2H', 'PK\x03\x04', 20, 0, 0, 8, 21463, 18051, 3011645721, 36423, 171272, 3, 0) 'log' ''
('<4s2B4HL2L2H', 'PK\x03\x04', 20, 0, 0, 8, 21481, 18051, 3222350533, 7293, 13330, 14, 0) 'screenshot.png' ''
('<4s2B4HL2L2H', 'PK\x03\x04', 20, 0, 0, 8, 21481, 18051, 0, 2, 0, 10, 0) 'extra_info' ''
('<4s2B4HL2L2H', 'PK\x03\x04', 20, 0, 0, 8, 21481, 18051, 226717478, 20, 18, 4, 0) 'json' ''
('<4s2B4HL2L2H', 'PK\x03\x04', 20, 0, 0, 8, 21481, 18051, 3627608187, 19, 17, 13, 0) 'renpy_version' ''
('<4s2B4HL2L2H', 'PK\x03\x04', 20, 0, 0, 8, 21481, 18051, 1771883922, 36469, 172148, 3, 0) 'log' ''
('<4s2B4HL2L2H', 'PK\x03\x04', 20, 0, 0, 8, 21497, 18051, 3223469381, 7289, 13330, 14, 0) 'screenshot.png' ''
('<4s2B4HL2L2H', 'PK\x03\x04', 20, 0, 0, 8, 21497, 18051, 0, 2, 0, 10, 0) 'extra_info' ''
('<4s2B4HL2L2H', 'PK\x03\x04', 20, 0, 0, 8, 21497, 18051, 226717478, 20, 18, 4, 0) 'json' ''
('<4s2B4HL2L2H', 'PK\x03\x04', 20, 0, 0, 8, 21497, 18051, 3627608187, 19, 17, 13, 0) 'renpy_version' ''
('<4s2B4HL2L2H', 'PK\x03\x04', 20, 0, 0, 8, 21497, 18051, 4179478992, 39130, 179770, 3, 0) 'log' ''
('<4s2B4HL2L2H', 'PK\x03\x04', 20, 0, 0, 8, 21551, 18051, 503492666, 7374, 13330, 14, 0) 'screenshot.png' ''
('<4s2B4HL2L2H', 'PK\x03\x04', 20, 0, 0, 8, 21551, 18051, 0, 2, 0, 10, 0) 'extra_info' ''
('<4s2B4HL2L2H', 'PK\x03\x04', 20, 0, 0, 8, 21551, 18051, 226717478, 20, 18, 4, 0) 'json' ''
('<4s2B4HL2L2H', 'PK\x03\x04', 20, 0, 0, 8, 21551, 18051, 3627608187, 19, 17, 13, 0) 'renpy_version' ''
('<4s2B4HL2L2H', 'PK\x03\x04', 20, 0, 0, 8, 21551, 18051, 633006407, 40954, 185514, 3, 0) 'log' ''
('<4s2B4HL2L2H', 'PK\x03\x04', 20, 0, 0, 8, 21555, 18051, 1165435757, 7828, 13330, 14, 0) 'screenshot.png' ''
('<4s2B4HL2L2H', 'PK\x03\x04', 20, 0, 0, 8, 21555, 18051, 0, 2, 0, 10, 0) 'extra_info' ''
('<4s2B4HL2L2H', 'PK\x03\x04', 20, 0, 0, 8, 21555, 18051, 226717478, 20, 18, 4, 0) 'json' ''
('<4s2B4HL2L2H', 'PK\x03\x04', 20, 0, 0, 8, 21555, 18051, 3627608187, 19, 17, 13, 0) 'renpy_version' ''
('<4s2B4HL2L2H', 'PK\x03\x04', 20, 0, 0, 8, 21555, 18051, 3125451515, 39945, 181910, 3, 0) 'log' ''
('<4s2B4HL2L2H', 'PK\x03\x04', 20, 0, 0, 8, 21747, 18051, 1926447368, 6855, 13330, 14, 0) 'screenshot.png' ''
('<4s2B4HL2L2H', 'PK\x03\x04', 20, 0, 0, 8, 21747, 18051, 0, 2, 0, 10, 0) 'extra_info' ''
('<4s2B4HL2L2H', 'PK\x03\x04', 20, 0, 0, 8, 21747, 18051, 226717478, 20, 18, 4, 0) 'json' ''
('<4s2B4HL2L2H', 'PK\x03\x04', 20, 0, 0, 8, 21747, 18051, 3627608187, 19, 17, 13, 0) 'renpy_version' ''
('<4s2B4HL2L2H', 'PK\x03\x04', 20, 0, 0, 8, 21747, 18051, 3464022035, 39622, 178349, 3, 0) 'log' ''
('<4s2B4HL2L2H', 'PK\x03\x04', 20, 0, 0, 8, 21793, 18051, 1200160248, 7848, 13330, 14, 0) 'screenshot.png' ''
('<4s2B4HL2L2H', 'PK\x03\x04', 20, 0, 0, 8, 21793, 18051, 0, 2, 0, 10, 0) 'extra_info' ''
('<4s2B4HL2L2H', 'PK\x03\x04', 20, 0, 0, 8, 21793, 18051, 226717478, 20, 18, 4, 0) 'json' ''
('<4s2B4HL2L2H', 'PK\x03\x04', 20, 0, 0, 8, 21793, 18051, 3627608187, 19, 17, 13, 0) 'renpy_version' ''
('<4s2B4HL2L2H', 'PK\x03\x04', 20, 0, 0, 8, 21794, 18051, 3275160951, 39089, 173298, 3, 0) 'log' ''
('<4s2B4HL2L2H', 'PK\x03\x04', 20, 0, 0, 8, 21873, 18051, 2190693173, 10522, 13330, 14, 0) 'screenshot.png' ''
('<4s2B4HL2L2H', 'PK\x03\x04', 20, 0, 0, 8, 21873, 18051, 0, 2, 0, 10, 0) 'extra_info' ''
('<4s2B4HL2L2H', 'PK\x03\x04', 20, 0, 0, 8, 21873, 18051, 226717478, 20, 18, 4, 0) 'json' ''
('<4s2B4HL2L2H', 'PK\x03\x04', 20, 0, 0, 8, 21873, 18051, 3627608187, 19, 17, 13, 0) 'renpy_version' ''
('<4s2B4HL2L2H', 'PK\x03\x04', 20, 0, 0, 8, 21873, 18051, 4089288214, 22616, 125534, 3, 0) 'log' ''
('<4s2B4HL2L2H', 'PK\x03\x04', 20, 0, 0, 8, 21880, 18051, 2596230008, 9879, 13330, 14, 0) 'screenshot.png' ''
('<4s2B4HL2L2H', 'PK\x03\x04', 20, 0, 0, 8, 21880, 18051, 0, 2, 0, 10, 0) 'extra_info' ''
('<4s2B4HL2L2H', 'PK\x03\x04', 20, 0, 0, 8, 21880, 18051, 226717478, 20, 18, 4, 0) 'json' ''
('<4s2B4HL2L2H', 'PK\x03\x04', 20, 0, 0, 8, 21880, 18051, 3627608187, 19, 17, 13, 0) 'renpy_version' ''
('<4s2B4HL2L2H', 'PK\x03\x04', 20, 0, 0, 8, 21880, 18051, 723248183, 31930, 150488, 3, 0) 'log' ''
('<4s2B4HL2L2H', 'PK\x03\x04', 20, 0, 0, 8, 24719, 18052, 4220279558, 6920, 13330, 14, 0) 'screenshot.png' ''
('<4s2B4HL2L2H', 'PK\x03\x04', 20, 0, 0, 8, 24719, 18052, 0, 2, 0, 10, 0) 'extra_info' ''
('<4s2B4HL2L2H', 'PK\x03\x04', 20, 0, 0, 8, 24719, 18052, 226717478, 20, 18, 4, 0) 'json' ''
('<4s2B4HL2L2H', 'PK\x03\x04', 20, 0, 0, 8, 24719, 18052, 3627608187, 19, 17, 13, 0) 'renpy_version' ''
('<4s2B4HL2L2H', 'PK\x03\x04', 20, 0, 0, 8, 24719, 18052, 3204959927, 17655, 85662, 3, 0) 'log' ''
('<4s2B4HL2L2H', 'PK\x03\x04', 20, 0, 0, 8, 25101, 18052, 3978360920, 6964, 13330, 14, 0) 'screenshot.png' ''
('<4s2B4HL2L2H', 'PK\x03\x04', 20, 0, 0, 8, 25101, 18052, 0, 2, 0, 10, 0) 'extra_info' ''
('<4s2B4HL2L2H', 'PK\x03\x04', 20, 0, 0, 8, 25101, 18052, 226717478, 20, 18, 4, 0) 'json' ''
('<4s2B4HL2L2H', 'PK\x03\x04', 20, 0, 0, 8, 25101, 18052, 3627608187, 19, 17, 13, 0) 'renpy_version' ''
('<4s2B4HL2L2H', 'PK\x03\x04', 20, 0, 0, 8, 25101, 18052, 3022029851, 37311, 170442, 3, 0) 'log' ''
('<4s2B4HL2L2H', 'PK\x03\x04', 20, 0, 0, 8, 25116, 18052, 1091043812, 7213, 13330, 14, 0) 'screenshot.png' ''
('<4s2B4HL2L2H', 'PK\x03\x04', 20, 0, 0, 8, 25116, 18052, 0, 2, 0, 10, 0) 'extra_info' ''
('<4s2B4HL2L2H', 'PK\x03\x04', 20, 0, 0, 8, 25116, 18052, 226717478, 20, 18, 4, 0) 'json' ''
('<4s2B4HL2L2H', 'PK\x03\x04', 20, 0, 0, 8, 25116, 18052, 3627608187, 19, 17, 13, 0) 'renpy_version' ''
('<4s2B4HL2L2H', 'PK\x03\x04', 20, 0, 0, 8, 25116, 18052, 3636572708, 43122, 186256, 3, 0) 'log' ''
('<4s2B4HL2L2H', 'PK\x03\x04', 20, 0, 0, 8, 25883, 18052, 3978360920, 6964, 13330, 14, 0) 'screenshot.png' ''
('<4s2B4HL2L2H', 'PK\x03\x04', 20, 0, 0, 8, 25883, 18052, 0, 2, 0, 10, 0) 'extra_info' ''
('<4s2B4HL2L2H', 'PK\x03\x04', 20, 0, 0, 8, 25883, 18052, 226717478, 20, 18, 4, 0) 'json' ''
('<4s2B4HL2L2H', 'PK\x03\x04', 20, 0, 0, 8, 25883, 18052, 3627608187, 19, 17, 13, 0) 'renpy_version' ''
('<4s2B4HL2L2H', 'PK\x03\x04', 20, 0, 0, 8, 25883, 18052, 866989628, 37878, 171004, 3, 0) 'log' ''
('<4s2B4HL2L2H', 'PK\x03\x04', 20, 0, 0, 8, 26424, 18052, 1279392354, 4996, 13330, 14, 0) 'screenshot.png' ''
('<4s2B4HL2L2H', 'PK\x03\x04', 20, 0, 0, 8, 26425, 18052, 0, 2, 0, 10, 0) 'extra_info' ''
('<4s2B4HL2L2H', 'PK\x03\x04', 20, 0, 0, 8, 26425, 18052, 226717478, 20, 18, 4, 0) 'json' ''
('<4s2B4HL2L2H', 'PK\x03\x04', 20, 0, 0, 8, 26425, 18052, 3627608187, 19, 17, 13, 0) 'renpy_version' ''
('<4s2B4HL2L2H', 'PK\x03\x04', 20, 0, 0, 8, 26425, 18052, 180362383, 9947, 36385, 3, 0) 'log' ''
('<4s2B4HL2L2H', 'PK\x03\x04', 20, 0, 0, 8, 26491, 18052, 347356109, 381, 13330, 14, 0) 'screenshot.png' ''
('<4s2B4HL2L2H', 'PK\x03\x04', 20, 0, 0, 8, 26491, 18052, 0, 2, 0, 10, 0) 'extra_info' ''
('<4s2B4HL2L2H', 'PK\x03\x04', 20, 0, 0, 8, 26491, 18052, 226717478, 20, 18, 4, 0) 'json' ''
('<4s2B4HL2L2H', 'PK\x03\x04', 20, 0, 0, 8, 26492, 18052, 3627608187, 19, 17, 13, 0) 'renpy_version' ''
('<4s2B4HL2L2H', 'PK\x03\x04', 20, 0, 0, 8, 26492, 18052, 974787939, 8317, 27522, 3, 0) 'log' ''
('<4s2B4HL2L2H', 'PK\x03\x04', 20, 0, 0, 8, 26674, 18052, 110873078, 8620, 13330, 14, 0) 'screenshot.png' ''
('<4s2B4HL2L2H', 'PK\x03\x04', 20, 0, 0, 8, 26674, 18052, 0, 2, 0, 10, 0) 'extra_info' ''
('<4s2B4HL2L2H', 'PK\x03\x04', 20, 0, 0, 8, 26674, 18052, 226717478, 20, 18, 4, 0) 'json' ''
('<4s2B4HL2L2H', 'PK\x03\x04', 20, 0, 0, 8, 26674, 18052, 3627608187, 19, 17, 13, 0) 'renpy_version' ''
('<4s2B4HL2L2H', 'PK\x03\x04', 20, 0, 0, 8, 26674, 18052, 3866561547, 10783, 40899, 3, 0) 'log' ''
('<4s2B4HL2L2H', 'PK\x03\x04', 20, 0, 0, 8, 26683, 18052, 2120259014, 8742, 13330, 14, 0) 'screenshot.png' ''
('<4s2B4HL2L2H', 'PK\x03\x04', 20, 0, 0, 8, 26683, 18052, 0, 2, 0, 10, 0) 'extra_info' ''
('<4s2B4HL2L2H', 'PK\x03\x04', 20, 0, 0, 8, 26683, 18052, 226717478, 20, 18, 4, 0) 'json' ''
('<4s2B4HL2L2H', 'PK\x03\x04', 20, 0, 0, 8, 26683, 18052, 3627608187, 19, 17, 13, 0) 'renpy_version' ''
('<4s2B4HL2L2H', 'PK\x03\x04', 20, 0, 0, 8, 26683, 18052, 1255365813, 13179, 66477, 3, 0) 'log' ''
('<4s2B4HL2L2H', 'PK\x03\x04', 20, 0, 0, 8, 26947, 18052, 1506012153, 8901, 13330, 14, 0) 'screenshot.png' ''
('<4s2B4HL2L2H', 'PK\x03\x04', 20, 0, 0, 8, 26947, 18052, 0, 2, 0, 10, 0) 'extra_info' ''
('<4s2B4HL2L2H', 'PK\x03\x04', 20, 0, 0, 8, 26947, 18052, 226717478, 20, 18, 4, 0) 'json' ''
('<4s2B4HL2L2H', 'PK\x03\x04', 20, 0, 0, 8, 26947, 18052, 3627608187, 19, 17, 13, 0) 'renpy_version' ''
('<4s2B4HL2L2H', 'PK\x03\x04', 20, 0, 0, 8, 26947, 18052, 1310170668, 13132, 66383, 3, 0) 'log' ''
('<4s2B4HL2L2H', 'PK\x03\x04', 20, 0, 0, 8, 27357, 18052, 4246001191, 720, 13330, 14, 0) 'screenshot.png' ''
('<4s2B4HL2L2H', 'PK\x03\x04', 20, 0, 0, 8, 27357, 18052, 2542277756, 18, 16, 10, 0) 'extra_info' ''
('<4s2B4HL2L2H', 'PK\x03\x04', 20, 0, 0, 8, 27357, 18052, 512829499, 31, 34, 4, 0) 'json' ''
('<4s2B4HL2L2H', 'PK\x03\x04', 20, 0, 0, 8, 27357, 18052, 3627608187, 19, 17, 13, 0) 'renpy_version' ''
('<4s2B4HL2L2H', 'PK\x03\x04', 20, 0, 0, 8, 27357, 18052, 2603922905, 9411, 46634, 3, 0) 'log' ''
('<4s2B4HL2L2H', 'PK\x03\x04', 20, 0, 0, 8, 28390, 18052, 647507881, 8731, 13330, 14, 0) 'screenshot.png' ''
('<4s2B4HL2L2H', 'PK\x03\x04', 20, 0, 0, 8, 28390, 18052, 0, 2, 0, 10, 0) 'extra_info' ''
('<4s2B4HL2L2H', 'PK\x03\x04', 20, 0, 0, 8, 28390, 18052, 226717478, 20, 18, 4, 0) 'json' ''
('<4s2B4HL2L2H', 'PK\x03\x04', 20, 0, 0, 8, 28390, 18052, 3627608187, 19, 17, 13, 0) 'renpy_version' ''
('<4s2B4HL2L2H', 'PK\x03\x04', 20, 0, 0, 8, 28390, 18052, 4214205439, 16329, 82287, 3, 0) 'log' ''
('<4s2B4HL2L2H', 'PK\x03\x04', 20, 0, 0, 8, 36210, 18053, 2850862284, 481, 13330, 14, 0) 'screenshot.png' ''
('<4s2B4HL2L2H', 'PK\x03\x04', 20, 0, 0, 8, 36210, 18053, 2542277756, 18, 16, 10, 0) 'extra_info' ''
('<4s2B4HL2L2H', 'PK\x03\x04', 20, 0, 0, 8, 36210, 18053, 512829499, 31, 34, 4, 0) 'json' ''
('<4s2B4HL2L2H', 'PK\x03\x04', 20, 0, 0, 8, 36210, 18053, 3627608187, 19, 17, 13, 0) 'renpy_version' ''
('<4s2B4HL2L2H', 'PK\x03\x04', 20, 0, 0, 8, 36210, 18053, 3440668633, 21103, 109089, 3, 0) 'log' ''
('<4s2B4HL2L2H', 'PK\x03\x04', 20, 0, 0, 8, 36232, 18053, 3560518207, 9043, 13330, 14, 0) 'screenshot.png' ''
('<4s2B4HL2L2H', 'PK\x03\x04', 20, 0, 0, 8, 36232, 18053, 2542277756, 18, 16, 10, 0) 'extra_info' ''
('<4s2B4HL2L2H', 'PK\x03\x04', 20, 0, 0, 8, 36232, 18053, 512829499, 31, 34, 4, 0) 'json' ''
('<4s2B4HL2L2H', 'PK\x03\x04', 20, 0, 0, 8, 36232, 18053, 3627608187, 19, 17, 13, 0) 'renpy_version' ''
('<4s2B4HL2L2H', 'PK\x03\x04', 20, 0, 0, 8, 36232, 18053, 1460722592, 15204, 67259, 3, 0) 'log' ''
('<4s2B4HL2L2H', 'PK\x03\x04', 20, 0, 0, 8, 36272, 18053, 1111344848, 8153, 13330, 14, 0) 'screenshot.png' ''
('<4s2B4HL2L2H', 'PK\x03\x04', 20, 0, 0, 8, 36272, 18053, 2542277756, 18, 16, 10, 0) 'extra_info' ''
('<4s2B4HL2L2H', 'PK\x03\x04', 20, 0, 0, 8, 36272, 18053, 512829499, 31, 34, 4, 0) 'json' ''
('<4s2B4HL2L2H', 'PK\x03\x04', 20, 0, 0, 8, 36272, 18053, 3627608187, 19, 17, 13, 0) 'renpy_version' ''
('<4s2B4HL2L2H', 'PK\x03\x04', 20, 0, 0, 8, 36272, 18053, 221315022, 6820, 22663, 3, 0) 'log' ''
('<4s2B4HL2L2H', 'PK\x03\x04', 20, 0, 0, 8, 47534, 18053, 3656043857, 7748, 13330, 14, 0) 'screenshot.png' ''
('<4s2B4HL2L2H', 'PK\x03\x04', 20, 0, 0, 8, 47534, 18053, 0, 2, 0, 10, 0) 'extra_info' ''
('<4s2B4HL2L2H', 'PK\x03\x04', 20, 0, 0, 8, 47534, 18053, 226717478, 20, 18, 4, 0) 'json' ''
('<4s2B4HL2L2H', 'PK\x03\x04', 20, 0, 0, 8, 47534, 18053, 3627608187, 19, 17, 13, 0) 'renpy_version' ''
('<4s2B4HL2L2H', 'PK\x03\x04', 20, 0, 0, 8, 47534, 18053, 1245986343, 26901, 141254, 3, 0) 'log' ''
('<4s2B4HL2L2H', 'PK\x03\x04', 20, 0, 0, 8, 23445, 18054, 4220279558, 6920, 13330, 14, 0) 'screenshot.png' ''
('<4s2B4HL2L2H', 'PK\x03\x04', 20, 0, 0, 8, 23445, 18054, 0, 2, 0, 10, 0) 'extra_info' ''
('<4s2B4HL2L2H', 'PK\x03\x04', 20, 0, 0, 8, 23445, 18054, 226717478, 20, 18, 4, 0) 'json' ''
('<4s2B4HL2L2H', 'PK\x03\x04', 20, 0, 0, 8, 23445, 18054, 3627608187, 19, 17, 13, 0) 'renpy_version' ''
('<4s2B4HL2L2H', 'PK\x03\x04', 20, 0, 0, 8, 23445, 18054, 2656330053, 17522, 85308, 3, 0) 'log' ''
('<4s2B4HL2L2H', 'PK\x03\x04', 20, 0, 0, 8, 38378, 18054, 1178931785, 6949, 13330, 14, 0) 'screenshot.png' ''
('<4s2B4HL2L2H', 'PK\x03\x04', 20, 0, 0, 8, 38378, 18054, 0, 2, 0, 10, 0) 'extra_info' ''
('<4s2B4HL2L2H', 'PK\x03\x04', 20, 0, 0, 8, 38378, 18054, 226717478, 20, 18, 4, 0) 'json' ''
('<4s2B4HL2L2H', 'PK\x03\x04', 20, 0, 0, 8, 38378, 18054, 3627608187, 19, 17, 13, 0) 'renpy_version' ''
('<4s2B4HL2L2H', 'PK\x03\x04', 20, 0, 0, 8, 38378, 18054, 1045766631, 46589, 200076, 3, 0) 'log' ''
('<4s2B4HL2L2H', 'PK\x03\x04', 20, 0, 0, 8, 38491, 18054, 636250974, 8834, 13330, 14, 0) 'screenshot.png' ''
('<4s2B4HL2L2H', 'PK\x03\x04', 20, 0, 0, 8, 38491, 18054, 0, 2, 0, 10, 0) 'extra_info' ''
('<4s2B4HL2L2H', 'PK\x03\x04', 20, 0, 0, 8, 38491, 18054, 226717478, 20, 18, 4, 0) 'json' ''
('<4s2B4HL2L2H', 'PK\x03\x04', 20, 0, 0, 8, 38491, 18054, 3627608187, 19, 17, 13, 0) 'renpy_version' ''
('<4s2B4HL2L2H', 'PK\x03\x04', 20, 0, 0, 8, 38491, 18054, 2042383052, 14472, 74813, 3, 0) 'log' ''
('<4s2B4HL2L2H', 'PK\x03\x04', 20, 0, 0, 8, 42578, 18055, 512446069, 8896, 13330, 14, 0) 'screenshot.png' ''
('<4s2B4HL2L2H', 'PK\x03\x04', 20, 0, 0, 8, 42578, 18055, 0, 2, 0, 10, 0) 'extra_info' ''
('<4s2B4HL2L2H', 'PK\x03\x04', 20, 0, 0, 8, 42578, 18055, 226717478, 20, 18, 4, 0) 'json' ''
('<4s2B4HL2L2H', 'PK\x03\x04', 20, 0, 0, 8, 42578, 18055, 3627608187, 19, 17, 13, 0) 'renpy_version' ''
('<4s2B4HL2L2H', 'PK\x03\x04', 20, 0, 0, 8, 42578, 18055, 2994928203, 18002, 95610, 3, 0) 'log' ''
('<4s2B4HL2L2H', 'PK\x03\x04', 20, 0, 0, 8, 42586, 18055, 3411620092, 6904, 13330, 14, 0) 'screenshot.png' ''
('<4s2B4HL2L2H', 'PK\x03\x04', 20, 0, 0, 8, 42586, 18055, 0, 2, 0, 10, 0) 'extra_info' ''
('<4s2B4HL2L2H', 'PK\x03\x04', 20, 0, 0, 8, 42586, 18055, 226717478, 20, 18, 4, 0) 'json' ''
('<4s2B4HL2L2H', 'PK\x03\x04', 20, 0, 0, 8, 42586, 18055, 3627608187, 19, 17, 13, 0) 'renpy_version' ''
('<4s2B4HL2L2H', 'PK\x03\x04', 20, 0, 0, 8, 42586, 18055, 1158879142, 17402, 85051, 3, 0) 'log' ''
('<4s2B4HL2L2H', 'PK\x03\x04', 20, 0, 0, 8, 36666, 18160, 1263401187, 402, 13330, 14, 0) 'screenshot.png' ''
('<4s2B4HL2L2H', 'PK\x03\x04', 20, 0, 0, 8, 36666, 18160, 2542277756, 18, 16, 10, 0) 'extra_info' ''
('<4s2B4HL2L2H', 'PK\x03\x04', 20, 0, 0, 8, 36666, 18160, 512829499, 31, 34, 4, 0) 'json' ''
('<4s2B4HL2L2H', 'PK\x03\x04', 20, 0, 0, 8, 36666, 18160, 3627608187, 19, 17, 13, 0) 'renpy_version' ''
('<4s2B4HL2L2H', 'PK\x03\x04', 20, 0, 0, 8, 36666, 18160, 2387588930, 15695, 82662, 3, 0) 'log' ''
('<4s2B4HL2L2H', 'PK\x03\x04', 20, 0, 0, 8, 36872, 18160, 1263401187, 402, 13330, 14, 0) 'screenshot.png' ''
('<4s2B4HL2L2H', 'PK\x03\x04', 20, 0, 0, 8, 36872, 18160, 2542277756, 18, 16, 10, 0) 'extra_info' ''
('<4s2B4HL2L2H', 'PK\x03\x04', 20, 0, 0, 8, 36872, 18160, 512829499, 31, 34, 4, 0) 'json' ''
('<4s2B4HL2L2H', 'PK\x03\x04', 20, 0, 0, 8, 36872, 18160, 3627608187, 19, 17, 13, 0) 'renpy_version' ''
('<4s2B4HL2L2H', 'PK\x03\x04', 20, 0, 0, 8, 36872, 18160, 3737967700, 13616, 59204, 3, 0) 'log' ''
('<4s2B4HL2L2H', 'PK\x03\x04', 20, 0, 0, 8, 36876, 18160, 490602283, 712, 13330, 14, 0) 'screenshot.png' ''
('<4s2B4HL2L2H', 'PK\x03\x04', 20, 0, 0, 8, 36876, 18160, 2542277756, 18, 16, 10, 0) 'extra_info' ''
('<4s2B4HL2L2H', 'PK\x03\x04', 20, 0, 0, 8, 36876, 18160, 512829499, 31, 34, 4, 0) 'json' ''
('<4s2B4HL2L2H', 'PK\x03\x04', 20, 0, 0, 8, 36876, 18160, 3627608187, 19, 17, 13, 0) 'renpy_version' ''
('<4s2B4HL2L2H', 'PK\x03\x04', 20, 0, 0, 8, 36876, 18160, 802550074, 6822, 22663, 3, 0) 'log' ''
('<4s2B4HL2L2H', 'PK\x03\x04', 20, 0, 0, 8, 36939, 18160, 1263401187, 402, 13330, 14, 0) 'screenshot.png' ''
('<4s2B4HL2L2H', 'PK\x03\x04', 20, 0, 0, 8, 36939, 18160, 2542277756, 18, 16, 10, 0) 'extra_info' ''
('<4s2B4HL2L2H', 'PK\x03\x04', 20, 0, 0, 8, 36939, 18160, 512829499, 31, 34, 4, 0) 'json' ''
('<4s2B4HL2L2H', 'PK\x03\x04', 20, 0, 0, 8, 36939, 18160, 3627608187, 19, 17, 13, 0) 'renpy_version' ''
('<4s2B4HL2L2H', 'PK\x03\x04', 20, 0, 0, 8, 36939, 18160, 1714994275, 18063, 86561, 3, 0) 'log' ''
('<4s2B4HL2L2H', 'PK\x03\x04', 20, 0, 0, 8, 36963, 18160, 3625414220, 613, 13330, 14, 0) 'screenshot.png' ''
('<4s2B4HL2L2H', 'PK\x03\x04', 20, 0, 0, 8, 36963, 18160, 2542277756, 18, 16, 10, 0) 'extra_info' ''
('<4s2B4HL2L2H', 'PK\x03\x04', 20, 0, 0, 8, 36963, 18160, 512829499, 31, 34, 4, 0) 'json' ''
('<4s2B4HL2L2H', 'PK\x03\x04', 20, 0, 0, 8, 36963, 18160, 3627608187, 19, 17, 13, 0) 'renpy_version' ''
('<4s2B4HL2L2H', 'PK\x03\x04', 20, 0, 0, 8, 36963, 18160, 1230995380, 16216, 74716, 3, 0) 'log' ''
('<4s2B4HL2L2H', 'PK\x03\x04', 20, 0, 0, 8, 36985, 18160, 951322151, 551, 13330, 14, 0) 'screenshot.png' ''
('<4s2B4HL2L2H', 'PK\x03\x04', 20, 0, 0, 8, 36985, 18160, 2542277756, 18, 16, 10, 0) 'extra_info' ''
('<4s2B4HL2L2H', 'PK\x03\x04', 20, 0, 0, 8, 36985, 18160, 512829499, 31, 34, 4, 0) 'json' ''
('<4s2B4HL2L2H', 'PK\x03\x04', 20, 0, 0, 8, 36985, 18160, 3627608187, 19, 17, 13, 0) 'renpy_version' ''
('<4s2B4HL2L2H', 'PK\x03\x04', 20, 0, 0, 8, 36985, 18160, 2535517091, 16779, 78320, 3, 0) 'log' ''
('<4s2B4HL2L2H', 'PK\x03\x04', 20, 0, 0, 8, 25493, 18172, 134061494, 4341, 13330, 14, 0) 'screenshot.png' ''
('<4s2B4HL2L2H', 'PK\x03\x04', 20, 0, 0, 8, 25493, 18172, 2542277756, 18, 16, 10, 0) 'extra_info' ''
('<4s2B4HL2L2H', 'PK\x03\x04', 20, 0, 0, 8, 25493, 18172, 512829499, 31, 34, 4, 0) 'json' ''
('<4s2B4HL2L2H', 'PK\x03\x04', 20, 0, 0, 8, 25493, 18172, 3627608187, 19, 17, 13, 0) 'renpy_version' ''
('<4s2B4HL2L2H', 'PK\x03\x04', 20, 0, 0, 8, 25493, 18172, 1942234676, 22005, 122768, 3, 0) 'log' ''
('<4s2B4HL2L2H', 'PK\x03\x04', 20, 0, 0, 8, 36102, 18172, 60313959, 7275, 13330, 14, 0) 'screenshot.png' ''
('<4s2B4HL2L2H', 'PK\x03\x04', 20, 0, 0, 8, 36102, 18172, 0, 2, 0, 10, 0) 'extra_info' ''
('<4s2B4HL2L2H', 'PK\x03\x04', 20, 0, 0, 8, 36102, 18172, 226717478, 20, 18, 4, 0) 'json' ''
('<4s2B4HL2L2H', 'PK\x03\x04', 20, 0, 0, 8, 36102, 18172, 3627608187, 19, 17, 13, 0) 'renpy_version' ''
('<4s2B4HL2L2H', 'PK\x03\x04', 20, 0, 0, 8, 36102, 18172, 2132932525, 31711, 133272, 3, 0) 'log' ''
('<4s2B4HL2L2H', 'PK\x03\x04', 20, 0, 0, 8, 36199, 18172, 368178918, 189, 13330, 14, 0) 'screenshot.png' ''
('<4s2B4HL2L2H', 'PK\x03\x04', 20, 0, 0, 8, 36199, 18172, 0, 2, 0, 10, 0) 'extra_info' ''
('<4s2B4HL2L2H', 'PK\x03\x04', 20, 0, 0, 8, 36199, 18172, 226717478, 20, 18, 4, 0) 'json' ''
('<4s2B4HL2L2H', 'PK\x03\x04', 20, 0, 0, 8, 36199, 18172, 3627608187, 19, 17, 13, 0) 'renpy_version' ''
('<4s2B4HL2L2H', 'PK\x03\x04', 20, 0, 0, 8, 36199, 18172, 4145381750, 14513, 64833, 3, 0) 'log' ''
('<4s2B4HL2L2H', 'PK\x03\x04', 20, 0, 0, 8, 36257, 18172, 59523637, 10862, 13330, 14, 0) 'screenshot.png' ''
('<4s2B4HL2L2H', 'PK\x03\x04', 20, 0, 0, 8, 36257, 18172, 2542277756, 18, 16, 10, 0) 'extra_info' ''
('<4s2B4HL2L2H', 'PK\x03\x04', 20, 0, 0, 8, 36257, 18172, 512829499, 31, 34, 4, 0) 'json' ''
('<4s2B4HL2L2H', 'PK\x03\x04', 20, 0, 0, 8, 36257, 18172, 3627608187, 19, 17, 13, 0) 'renpy_version' ''
('<4s2B4HL2L2H', 'PK\x03\x04', 20, 0, 0, 8, 36257, 18172, 3358658481, 28619, 157909, 3, 0) 'log' ''
